Intensities: [8192. 1197. 1246. ... 1226. 1226. 1226.]
Wavelengths: [196.82019    196.95495809 197.08972213 ... 681.98461119 682.10216408
 682.21971205]
Intensities: [1226. 1235. 1252. ... 1225. 1225. 1225.]
Wavelengths: [196.82019    196.95495809 197.08972213 ... 681.98461119 682.10216408
 682.21971205]
